Rb87=[0.0827 0.1000 0.4000 0.5000 0.0100];
Sr87=[0.7045 0.7245 0.7381 0.7394 0.7321];
Sr87initial=0.69898;

%plot(Rb87,Sr87,'.')
t1=log((Sr87initial-Sr87(1))/Rb87(1)+1)/1.42e-11